0.8084646854290095
0.8639255644023558
0.6480944385574123
0.6977222007340249
0.9114243138099708
0.9378493727050249
0.8136638184830235
0.8605326750655351
0.8385413767763675
0.8842840187487542
0.9813713879679133
0.9831519732217784
0.9655153899283744
0.9749683948873437
0.9046404483513009
0.8805716848466955
0.5480573940713004
0.7037023515397224
0.820420430090881
0.8946530786964872
0.9257280955338518
0.9457361834073215
0.9676040838146446
0.9695106437610707
0.9430923885285226
0.9567476624443327
0.733279544868929
0.8079523106011568
0.9921536702494914
0.9935691614186092
0.9660541886350531
0.9731223581619513
0.902159504779125
0.9324901644354044
0.5483658202222869
0.6477175773431316
0.8627435180844655
0.8986449803891493
0.7553443167180074
0.8355580588235821
0.97355312414296
0.9801390414202132
0.9274952827483344
0.9352429562013491
0.9436780527232009
0.9567031266285202
0.9239701778055519
0.946741220022588
0.8119054924269814
0.8624583591847557
0.79842999915028
0.8540867709700735
0.8527376115580103
0.8956624112627962
0.7838304596794782
0.8720942067746458
0.9731193731116367
0.9796115828514377
0.9681555052865218
0.9783510990173786
0.9949987476061676
0.9941450392998851
0.5439727167096573
0.7092274863206569
0.9758298213413199
0.9802171428008013
0.8007207567215929
0.8575345383706312